[ESTRUCTURA]
[INFO]
2,3
[META]
[/META]
[REJILLA]
8,12,32,32,8,8,0
[CELDAS]
0,0,1 4,0,1 0,1,1 4,1,1 0,2,1 4,2,1 0,3,1 4,3,1 0,4,1 4,4,1 5,4,1 6,4,1 7,4,1 0,5,1 0,6,1 0,7,1 0,8,1 4,8,1 5,8,1 6,8,1 7,8,1 0,9,1 4,9,1 0,10,1 4,10,1 0,11,1 4,11,1
[REJILLA]
8,12,32,32,8,8,1
[CELDAS]
0,0,6 1,0,50 2,0,51 3,0,52 4,0,4 0,1,6 1,1,42 2,1,42 3,1,42 4,1,4 0,2,6 1,2,42 2,2,42 3,2,42 4,2,4 0,3,6 1,3,42 2,3,42 3,3,42 4,3,4 0,4,6 1,4,42 2,4,42 3,4,42 4,4,7 5,4,8 6,4,8 7,4,8 0,5,6 1,5,42 2,5,42 3,5,42 4,5,42 5,5,42 6,5,42 7,5,47 0,6,6 1,6,42 2,6,42 3,6,42 4,6,42 5,6,42 6,6,42 7,6,48 0,7,6 1,7,42 2,7,42 3,7,42 4,7,42 5,7,42 6,7,42 7,7,49 0,8,6 1,8,42 2,8,42 3,8,42 4,8,1 5,8,2 6,8,2 7,8,2 0,9,6 1,9,42 2,9,42 3,9,42 4,9,4 0,10,6 1,10,42 2,10,42 3,10,42 4,10,4 0,11,6 1,11,50 2,11,51 3,11,52 4,11,4
[LOGICA]
0
[OBJETOS]
2,64,192
1,64,0,1
1,224,192,2
1,64,352,4
3,160,224
[LOGICA]
0
[OBJETOS]
10,128,224,15
[LOGICA]
0
[OBJETOS]
[/ESTRUCTURA]
