[ESTRUCTURA]
[INFO]
2,3
[META]
[/META]
[REJILLA]
14,10,32,32,8,8,0
[CELDAS]
2,0,1 6,0,1 2,1,1 6,1,1 1,2,1 7,2,1 0,3,1 8,3,1 9,3,1 10,3,1 11,3,1 12,3,1 13,3,1 0,4,1 0,5,1 1,5,1 0,6,1 1,7,1 7,7,1 8,7,1 9,7,1 10,7,1 11,7,1 12,7,1 13,7,1 2,8,1 6,8,1 2,9,1 6,9,1
[REJILLA]
14,10,32,32,8,8,1
[CELDAS]
2,0,6 3,0,50 4,0,51 5,0,52 6,0,4 1,1,23 2,1,9 3,1,42 4,1,42 5,1,42 6,1,7 7,1,25 0,2,23 1,2,9 2,2,42 3,2,42 4,2,42 5,2,42 6,2,42 7,2,7 8,2,25 0,3,6 1,3,42 2,3,42 3,3,42 4,3,42 5,3,42 6,3,42 7,3,42 8,3,7 9,3,8 10,3,8 11,3,8 12,3,8 13,3,8 0,4,6 1,4,42 2,4,42 3,4,42 4,4,42 5,4,42 6,4,42 7,4,42 8,4,42 9,4,42 10,4,42 11,4,42 12,4,42 13,4,47 0,5,6 1,5,12 2,5,42 3,5,42 4,5,42 5,5,42 6,5,42 7,5,42 8,5,42 9,5,42 10,5,42 11,5,42 12,5,42 13,5,48 0,6,6 1,6,42 2,6,42 3,6,42 4,6,42 5,6,42 6,6,42 7,6,42 8,6,42 9,6,42 10,6,42 11,6,42 12,6,42 13,6,49 0,7,29 1,7,3 2,7,42 3,7,42 4,7,42 5,7,42 6,7,42 7,7,1 8,7,2 9,7,2 10,7,2 11,7,2 12,7,2 13,7,2 1,8,29 2,8,3 3,8,42 4,8,42 5,8,42 6,8,1 7,8,31 2,9,6 3,9,50 4,9,51 5,9,52 6,9,4
[LOGICA]
0
[OBJETOS]
2,32,128
1,128,0,1
1,128,288,4
1,608,160,2
3,32,128
[LOGICA]
0
[OBJETOS]
30,224,128,30
[LOGICA]
0
[OBJETOS]
30,352,128,30
11,128,128,10
[/ESTRUCTURA]
