[ESTRUCTURA]
[INFO]
2,3
[META]
[/META]
[REJILLA]
18,10,32,32,8,8,0
[CELDAS]
13,0,1 17,0,1 1,1,1 2,1,1 3,1,1 4,1,1 5,1,1 13,1,1 17,1,1 0,2,1 6,2,1 13,2,1 17,2,1 0,3,1 6,3,1 13,3,1 17,3,1 0,4,1 6,4,1 13,4,1 17,4,1 0,5,1 7,5,1 8,5,1 9,5,1 10,5,1 11,5,1 12,5,1 17,5,1 0,6,1 17,6,1 0,7,1 17,7,1 0,8,1 17,8,1 1,9,1 2,9,1 3,9,1 4,9,1 5,9,1 6,9,1 7,9,1 8,9,1 9,9,1 10,9,1 11,9,1 12,9,1 13,9,1 14,9,1 15,9,1 16,9,1
[REJILLA]
18,10,32,32,8,8,1
[CELDAS]
13,0,6 14,0,50 15,0,51 16,0,52 17,0,4 0,1,23 1,1,8 2,1,8 3,1,8 4,1,8 5,1,8 6,1,25 13,1,6 14,1,42 15,1,42 16,1,42 17,1,4 0,2,6 1,2,42 2,2,42 3,2,42 4,2,42 5,2,42 6,2,4 13,2,6 14,2,42 15,2,42 16,2,42 17,2,4 0,3,6 1,3,42 2,3,42 3,3,42 4,3,42 5,3,42 6,3,4 13,3,6 14,3,42 15,3,42 16,3,42 17,3,4 0,4,6 1,4,42 2,4,42 3,4,42 4,4,42 5,4,42 6,4,4 13,4,6 14,4,42 15,4,42 16,4,42 17,4,4 0,5,6 1,5,42 2,5,42 3,5,42 4,5,42 5,5,42 6,5,7 7,5,8 8,5,8 9,5,8 10,5,8 11,5,8 12,5,8 13,5,9 14,5,42 15,5,42 16,5,42 17,5,4 0,6,6 1,6,42 2,6,42 3,6,42 4,6,42 5,6,42 6,6,42 7,6,42 8,6,42 9,6,42 10,6,42 11,6,42 12,6,42 13,6,42 14,6,42 15,6,42 16,6,42 17,6,4 0,7,6 1,7,42 2,7,42 3,7,42 4,7,42 5,7,42 6,7,42 7,7,42 8,7,42 9,7,42 10,7,42 11,7,42 12,7,42 13,7,42 14,7,42 15,7,42 16,7,42 17,7,4 0,8,6 1,8,42 2,8,42 3,8,42 4,8,42 5,8,42 6,8,42 7,8,42 8,8,42 9,8,42 10,8,42 11,8,42 12,8,42 13,8,42 14,8,42 15,8,42 16,8,42 17,8,4 0,9,29 1,9,2 2,9,2 3,9,2 4,9,2 5,9,2 6,9,2 7,9,2 8,9,2 9,9,2 10,9,2 11,9,2 12,9,2 13,9,2 14,9,2 15,9,2 16,9,2 17,9,31
[LOGICA]
0
[OBJETOS]
2,417,256
1,481,0,1
3,96,256
30,288,224,30
[LOGICA]
0
[OBJETOS]
10,64,128,15
[LOGICA]
0
[OBJETOS]
11,64,128,10
[/ESTRUCTURA]
