[ESTRUCTURA]
[INFO]
2,4
[META]
[/META]
[REJILLA]
14,10,32,32,8,8,0
[CELDAS]
4,0,1 8,0,1 1,1,1 2,1,1 3,1,1 4,1,1 8,1,1 9,1,1 10,1,1 11,1,1 12,1,1 0,2,1 13,2,1 0,3,1 13,3,1 0,4,1 13,4,1 0,5,1 11,5,1 12,5,1 0,6,1 9,6,1 10,6,1 1,7,1 8,7,1 2,8,1 3,8,1 8,8,1 4,9,1 5,9,1 6,9,1 7,9,1 8,9,1
[REJILLA]
14,10,32,32,8,8,1
[CELDAS]
4,0,6 5,0,50 6,0,51 7,0,52 8,0,4 0,1,23 1,1,8 2,1,8 3,1,8 4,1,9 5,1,5 6,1,5 7,1,5 8,1,7 9,1,8 10,1,8 11,1,8 12,1,8 13,1,25 0,2,6 1,2,5 2,2,5 3,2,5 4,2,5 5,2,5 6,2,5 7,2,5 8,2,5 9,2,5 10,2,5 11,2,5 12,2,5 13,2,4 0,3,6 1,3,5 2,3,5 3,3,5 4,3,5 5,3,5 6,3,5 7,3,5 8,3,5 9,3,5 10,3,5 11,3,5 12,3,5 13,3,4 0,4,6 1,4,5 2,4,5 3,4,5 4,4,5 5,4,5 6,4,5 7,4,5 8,4,5 9,4,5 10,4,5 11,4,5 12,4,5 13,4,4 0,5,6 1,5,5 2,5,5 3,5,5 4,5,5 5,5,5 6,5,5 7,5,5 8,5,5 9,5,5 10,5,5 11,5,1 12,5,2 13,5,31 0,6,6 1,6,5 2,6,5 3,6,5 4,6,5 5,6,5 6,6,5 7,6,5 8,6,5 9,6,1 10,6,2 11,6,31 0,7,29 1,7,3 2,7,5 3,7,5 4,7,5 5,7,5 6,7,5 7,7,5 8,7,1 9,7,31 1,8,29 2,8,2 3,8,3 4,8,5 5,8,5 6,8,5 7,8,5 8,8,4 3,9,29 4,9,2 5,9,2 6,9,2 7,9,2 8,9,31
[LOGICA]
0
[OBJETOS]
2,353,128
1,193,0,1
3,160,256
[LOGICA]
0
[OBJETOS]
10,320,96,15
10,96,96,15
31,32,172,200,1,1
[LOGICA]
0
[OBJETOS]
11,320,128,10
11,128,128,10
31,32,160,200,0,2
[LOGICA]
0
[OBJETOS]
30,273,96,30
31,384,128,200,2,1
[/ESTRUCTURA]
