[ESTRUCTURA]
[INFO]
2,3
[META]
[/META]
[REJILLA]
20,10,32,32,8,8,0
[CELDAS]
15,0,1 19,0,1 15,1,1 19,1,1 14,2,1 19,2,1 0,3,1 1,3,1 2,3,1 3,3,1 4,3,1 5,3,1 6,3,1 7,3,1 8,3,1 9,3,1 10,3,1 11,3,1 12,3,1 13,3,1 19,3,1 19,4,1 19,5,1 3,6,1 4,6,1 5,6,1 6,6,1 7,6,1 8,6,1 9,6,1 10,6,1 11,6,1 12,6,1 13,6,1 19,6,1 0,7,1 1,7,1 2,7,1 14,7,1 19,7,1 15,8,1 19,8,1 15,9,1 19,9,1
[REJILLA]
20,10,32,32,8,8,1
[CELDAS]
15,0,6 16,0,50 17,0,51 18,0,52 19,0,4 14,1,23 15,1,9 16,1,5 17,1,5 18,1,5 19,1,4 13,2,23 14,2,9 15,2,5 16,2,5 17,2,5 18,2,5 19,2,4 0,3,8 1,3,8 2,3,8 3,3,8 4,3,8 5,3,8 6,3,8 7,3,8 8,3,8 9,3,8 10,3,8 11,3,8 12,3,8 13,3,9 14,3,5 15,3,5 16,3,5 17,3,5 18,3,5 19,3,4 0,4,47 1,4,5 2,4,5 3,4,5 4,4,5 5,4,5 6,4,5 7,4,5 8,4,5 9,4,5 10,4,5 11,4,5 12,4,5 13,4,5 14,4,5 15,4,5 16,4,5 17,4,5 18,4,5 19,4,4 0,5,48 1,5,5 2,5,5 3,5,5 4,5,5 5,5,5 6,5,5 7,5,5 8,5,5 9,5,5 10,5,5 11,5,5 12,5,5 13,5,5 14,5,5 15,5,5 16,5,5 17,5,5 18,5,5 19,5,4 0,6,49 1,6,5 2,6,5 3,6,1 4,6,2 5,6,2 6,6,2 7,6,2 8,6,2 9,6,2 10,6,2 11,6,2 12,6,2 13,6,3 14,6,5 15,6,5 16,6,5 17,6,5 18,6,5 19,6,4 0,7,2 1,7,2 2,7,2 3,7,31 13,7,29 14,7,3 15,7,5 16,7,5 17,7,5 18,7,5 19,7,4 14,8,29 15,8,3 16,8,5 17,8,5 18,8,5 19,8,4 15,9,6 16,9,50 17,9,51 18,9,52 19,9,4
[LOGICA]
0
[OBJETOS]
1,544,0,1
1,544,288,4
1,0,160,8
2,480,128
3,288,160
[LOGICA]
0
[OBJETOS]
30,224,128,30
[LOGICA]
0
[OBJETOS]
[/ESTRUCTURA]
