[ESTRUCTURA]
[INFO]
2,3
[META]
[/META]
[REJILLA]
18,12,32,32,8,8,0
[CELDAS]
11,0,1 15,0,1 11,1,1 15,1,1 0,2,1 1,2,1 2,2,1 3,2,1 4,2,1 5,2,1 6,2,1 7,2,1 8,2,1 9,2,1 10,2,1 11,2,1 15,2,1 16,2,1 17,3,1 17,4,1 17,5,1 0,6,1 1,6,1 2,6,1 3,6,1 4,6,1 5,6,1 6,6,1 7,6,1 8,6,1 9,6,1 10,6,1 11,6,1 12,6,1 13,6,1 17,6,1 3,7,1 17,7,1 3,8,1 17,8,1 3,9,1 17,9,1 4,10,1 5,10,1 9,10,1 10,10,1 11,10,1 12,10,1 13,10,1 14,10,1 15,10,1 16,10,1 5,11,1 9,11,1
[REJILLA]
18,12,32,32,8,8,1
[CELDAS]
11,0,6 12,0,50 13,0,51 14,0,52 15,0,4 11,1,6 12,1,5 13,1,5 14,1,5 15,1,4 0,2,8 1,2,8 2,2,8 3,2,8 4,2,8 5,2,8 6,2,8 7,2,8 8,2,8 9,2,8 10,2,8 11,2,9 12,2,5 13,2,5 14,2,5 15,2,7 16,2,8 17,2,25 0,3,47 1,3,5 2,3,5 3,3,5 4,3,5 5,3,5 6,3,5 7,3,5 8,3,5 9,3,5 10,3,5 11,3,5 12,3,5 13,3,5 14,3,5 15,3,5 16,3,5 17,3,4 0,4,48 1,4,5 2,4,5 3,4,5 4,4,5 5,4,5 6,4,5 7,4,5 8,4,5 9,4,5 10,4,5 11,4,5 12,4,5 13,4,5 14,4,5 15,4,5 16,4,5 17,4,4 0,5,49 1,5,5 2,5,5 3,5,5 4,5,5 5,5,5 6,5,5 7,5,5 8,5,5 9,5,5 10,5,5 11,5,5 12,5,5 13,5,5 14,5,5 15,5,5 16,5,5 17,5,4 0,6,2 1,6,2 2,6,2 3,6,43 4,6,11 5,6,11 6,6,11 7,6,11 8,6,11 9,6,11 10,6,11 11,6,11 12,6,11 13,6,12 14,6,5 15,6,5 16,6,5 17,6,4 3,7,6 4,7,5 5,7,5 6,7,5 7,7,5 8,7,5 9,7,5 10,7,5 11,7,5 12,7,5 13,7,5 14,7,5 15,7,5 16,7,5 17,7,4 3,8,6 4,8,5 5,8,5 6,8,5 7,8,5 8,8,5 9,8,5 10,8,5 11,8,5 12,8,5 13,8,5 14,8,5 15,8,5 16,8,5 17,8,4 3,9,6 4,9,5 5,9,5 6,9,5 7,9,5 8,9,5 9,9,5 10,9,5 11,9,5 12,9,5 13,9,5 14,9,5 15,9,5 16,9,5 17,9,4 3,10,29 4,10,2 5,10,3 6,10,5 7,10,5 8,10,5 9,10,1 10,10,2 11,10,2 12,10,2 13,10,2 14,10,2 15,10,2 16,10,2 17,10,31 5,11,6 6,11,50 7,11,51 8,11,52 9,11,4
[LOGICA]
0
[OBJETOS]
2,160,288
1,416,0,1
1,224,352,4
1,0,128,8
10,192,128,15
11,288,256,10
3,320,160
[LOGICA]
0
[OBJETOS]
30,288,128,30
30,448,256,30
[LOGICA]
0
[OBJETOS]
30,160,256,30
[/ESTRUCTURA]
