[ESTRUCTURA]
[INFO]
1,1
[META]
[/META]
[REJILLA]
20,12,32,32,8,8,0
[CELDAS]
2,0,1 6,0,1 2,1,1 6,1,1 0,2,1 1,2,1 2,2,1 6,2,1 6,3,1 6,4,1 6,5,1 0,6,1 1,6,1 2,6,1 6,6,1 2,7,1 6,7,1 7,7,1 8,7,1 9,7,1 10,7,1 11,7,1 12,7,1 13,7,1 14,7,1 15,7,1 16,7,1 17,7,1 18,7,1 19,7,1 2,8,1 2,9,1 2,10,1 2,11,1 3,11,1 4,11,1 5,11,1 6,11,1 7,11,1 8,11,1 9,11,1 10,11,1 11,11,1 12,11,1 13,11,1 14,11,1 15,11,1 16,11,1 17,11,1 18,11,1 19,11,1
[LOGICA]
0
[OBJETOS]
1,128,0,1
1,0,128,8
1,608,288,2
2,128,128
30,384,256,30
[/ESTRUCTURA]
