[ESTRUCTURA]
[INFO]
2,2
[META]
[/META]
[REJILLA]
20,10,32,32,8,8,0
[CELDAS]
8,0,1 12,0,1 8,1,1 12,1,1 8,2,1 12,2,1 8,3,1 12,3,1 0,4,1 1,4,1 2,4,1 3,4,1 4,4,1 5,4,1 6,4,1 7,4,1 8,4,1 12,4,1 13,4,1 14,4,1 15,4,1 16,4,1 17,4,1 18,4,1 19,4,1 0,8,1 1,8,1 2,8,1 3,8,1 4,8,1 5,8,1 6,8,1 7,8,1 8,8,1 12,8,1 13,8,1 14,8,1 15,8,1 16,8,1 17,8,1 18,8,1 19,8,1 9,9,1 10,9,1 11,9,1
[REJILLA]
20,10,32,32,8,8,1
[CELDAS]
8,0,6 9,0,50 10,0,51 11,0,52 12,0,4 8,1,6 9,1,5 10,1,5 11,1,5 12,1,4 8,2,6 9,2,5 10,2,5 11,2,5 12,2,4 8,3,6 9,3,5 10,3,5 11,3,5 12,3,4 0,4,8 1,4,8 2,4,8 3,4,8 4,4,8 5,4,8 6,4,8 7,4,8 8,4,9 9,4,5 10,4,5 11,4,5 12,4,7 13,4,8 14,4,8 15,4,8 16,4,8 17,4,8 18,4,8 19,4,8 0,5,47 1,5,5 2,5,5 3,5,5 4,5,5 5,5,5 6,5,5 7,5,5 8,5,47 9,5,5 10,5,5 11,5,5 12,5,47 13,5,5 14,5,5 15,5,5 16,5,5 17,5,5 18,5,5 19,5,47 0,6,48 1,6,5 2,6,5 3,6,5 4,6,5 5,6,5 6,6,5 7,6,5 8,6,48 9,6,5 10,6,5 11,6,5 12,6,48 13,6,5 14,6,5 15,6,5 16,6,5 17,6,5 18,6,5 19,6,48 0,7,49 1,7,5 2,7,5 3,7,5 4,7,5 5,7,5 6,7,5 7,7,5 8,7,49 9,7,5 10,7,5 11,7,5 12,7,49 13,7,5 14,7,5 15,7,5 16,7,5 17,7,5 18,7,5 19,7,49 0,8,2 1,8,2 2,8,2 3,8,2 4,8,2 5,8,2 6,8,2 7,8,2 8,8,3 9,8,5 10,8,5 11,8,5 12,8,1 13,8,2 14,8,2 15,8,2 16,8,2 17,8,2 18,8,2 19,8,2 8,9,29 9,9,2 10,9,2 11,9,2 12,9,31
[LOGICA]
0
[OBJETOS]
2,320,256
1,320,0,1
1,0,192,8
1,608,192,2
3,224,224
[LOGICA]
0
[OBJETOS]
30,416,192,30
30,224,192,30
[/ESTRUCTURA]
