[ESTRUCTURA]
[INFO]
2,3
[META]
[/META]
[REJILLA]
20,10,32,32,8,8,0
[CELDAS]
3,0,1 4,0,1 5,0,1 6,0,1 3,1,1 6,1,1 3,2,1 6,2,1 16,2,1 17,2,1 18,2,1 19,2,1 0,3,1 1,3,1 2,3,1 3,3,1 6,3,1 7,3,1 8,3,1 9,3,1 10,3,1 11,3,1 12,3,1 13,3,1 14,3,1 15,3,1 16,3,1 0,4,1 0,5,1 0,6,1 1,6,1 2,6,1 6,6,1 7,6,1 8,6,1 9,6,1 10,6,1 13,6,1 14,6,1 15,6,1 16,6,1 17,6,1 18,6,1 19,6,1 2,7,1 6,7,1 10,7,1 13,7,1 2,8,1 6,8,1 10,8,1 11,8,1 12,8,1 13,8,1 2,9,1 6,9,1
[REJILLA]
20,10,32,32,8,8,1
[CELDAS]
3,0,23 4,0,8 5,0,8 6,0,25 3,1,6 4,1,5 5,1,5 6,1,4 3,2,6 4,2,5 5,2,5 6,2,4 16,2,23 17,2,8 18,2,8 19,2,8 0,3,23 1,3,8 2,3,8 3,3,9 4,3,5 5,3,5 6,3,7 7,3,8 8,3,8 9,3,8 10,3,8 11,3,8 12,3,8 13,3,8 14,3,8 15,3,8 16,3,9 17,3,5 18,3,5 19,3,47 0,4,6 1,4,5 2,4,5 3,4,5 4,4,5 5,4,5 6,4,5 7,4,5 8,4,5 9,4,5 10,4,5 11,4,5 12,4,5 13,4,5 14,4,5 15,4,5 16,4,5 17,4,5 18,4,5 19,4,48 0,5,6 1,5,5 2,5,5 3,5,5 4,5,5 5,5,5 6,5,5 7,5,5 8,5,5 9,5,5 10,5,5 11,5,5 12,5,5 13,5,5 14,5,5 15,5,5 16,5,5 17,5,5 18,5,5 19,5,49 0,6,29 1,6,2 2,6,3 3,6,5 4,6,5 5,6,5 6,6,1 7,6,2 8,6,2 9,6,2 10,6,3 11,6,5 12,6,5 13,6,1 14,6,2 15,6,2 16,6,2 17,6,2 18,6,2 19,6,2 2,7,6 3,7,5 4,7,5 5,7,5 6,7,4 10,7,6 11,7,5 12,7,5 13,7,4 2,8,6 3,8,5 4,8,5 5,8,5 6,8,4 10,8,29 11,8,2 12,8,2 13,8,31 2,9,6 3,9,50 4,9,51 5,9,52 6,9,4
[LOGICA]
0
[OBJETOS]
2,352,224
1,608,160,2
1,128,288,4
3,384,224
[LOGICA]
0
[OBJETOS]
30,288,128,30
10,64,128,15
[LOGICA]
0
[OBJETOS]
11,128,64,10
30,64,128,30
[/ESTRUCTURA]
