[ESTRUCTURA]
[INFO]
2,3
[META]
[/META]
[REJILLA]
18,12,32,32,8,8,0
[CELDAS]
2,0,1 3,0,1 4,0,1 5,0,1 6,0,1 7,0,1 14,0,1 15,0,1 16,0,1 17,0,1 1,1,1 8,1,1 13,1,1 0,2,1 8,2,1 11,2,1 12,2,1 0,3,1 4,3,1 5,3,1 8,3,1 10,3,1 0,4,1 4,4,1 5,4,1 8,4,1 9,4,1 15,4,1 16,4,1 17,4,1 0,5,1 4,5,1 5,5,1 8,5,1 13,5,1 14,5,1 0,6,1 4,6,1 5,6,1 8,6,1 12,6,1 0,7,1 4,7,1 5,7,1 8,7,1 11,7,1 0,8,1 4,8,1 5,8,1 11,8,1 0,9,1 4,9,1 6,9,1 10,9,1 0,10,1 4,10,1 7,10,1 8,10,1 9,10,1 0,11,1 4,11,1
[REJILLA]
18,12,32,32,8,8,1
[CELDAS]
1,0,23 2,0,8 3,0,8 4,0,8 5,0,8 6,0,8 7,0,8 8,0,25 13,0,23 14,0,8 15,0,8 16,0,8 17,0,8 0,1,23 1,1,9 2,1,42 3,1,42 4,1,42 5,1,42 6,1,42 7,1,42 8,1,4 12,1,23 13,1,9 14,1,42 15,1,42 16,1,42 17,1,47 0,2,6 1,2,42 2,2,42 3,2,42 4,2,42 5,2,42 6,2,42 7,2,42 8,2,4 10,2,23 11,2,8 12,2,9 13,2,42 14,2,42 15,2,42 16,2,42 17,2,48 0,3,6 1,3,42 2,3,42 3,3,42 4,3,1 5,3,3 6,3,42 7,3,42 8,3,4 9,3,23 10,3,9 11,3,42 12,3,42 13,3,42 14,3,42 15,3,42 16,3,42 17,3,49 0,4,6 1,4,42 2,4,42 3,4,42 4,4,4 5,4,6 6,4,42 7,4,42 8,4,4 9,4,9 10,4,42 11,4,42 12,4,42 13,4,42 14,4,42 15,4,1 16,4,2 17,4,2 0,5,6 1,5,42 2,5,42 3,5,42 4,5,4 5,5,6 6,5,42 7,5,42 8,5,14 9,5,42 10,5,42 11,5,42 12,5,42 13,5,1 14,5,2 15,5,31 0,6,6 1,6,42 2,6,42 3,6,42 4,6,4 5,6,6 6,6,42 7,6,42 8,6,14 9,6,42 10,6,42 11,6,42 12,6,1 13,6,31 0,7,6 1,7,42 2,7,42 3,7,42 4,7,4 5,7,6 6,7,42 7,7,42 8,7,15 9,7,42 10,7,42 11,7,1 12,7,31 0,8,6 1,8,42 2,8,42 3,8,42 4,8,4 5,8,6 6,8,42 7,8,42 8,8,42 9,8,42 10,8,42 11,8,4 0,9,6 1,9,42 2,9,42 3,9,42 4,9,4 5,9,29 6,9,3 7,9,42 8,9,42 9,9,42 10,9,1 11,9,31 0,10,6 1,10,42 2,10,42 3,10,42 4,10,4 6,10,29 7,10,2 8,10,2 9,10,2 10,10,31 0,11,6 1,11,50 2,11,51 3,11,52 4,11,4
[LOGICA]
0
[OBJETOS]
2,309,192
1,64,352,4
1,544,64,2
3,256,288
[LOGICA]
0
[OBJETOS]
30,192,128,30
[LOGICA]
0
[OBJETOS]
30,32,96,30
[/ESTRUCTURA]
