[ESTRUCTURA]
[INFO]
2,3
[META]
[/META]
[REJILLA]
20,12,32,32,8,8,0
[CELDAS]
1,0,1 2,0,1 3,0,1 4,0,1 5,0,1 6,0,1 7,0,1 8,0,1 9,0,1 10,0,1 11,0,1 12,0,1 13,0,1 14,0,1 15,0,1 16,0,1 17,0,1 18,0,1 19,0,1 1,1,1 19,1,1 0,2,1 1,2,1 19,2,1 19,3,1 5,4,1 6,4,1 7,4,1 8,4,1 9,4,1 10,4,1 11,4,1 12,4,1 13,4,1 14,4,1 15,4,1 19,4,1 5,5,1 8,5,1 9,5,1 10,5,1 11,5,1 12,5,1 13,5,1 14,5,1 15,5,1 0,6,1 1,6,1 2,6,1 3,6,1 4,6,1 5,6,1 8,6,1 8,7,1 8,8,1 12,8,1 13,8,1 14,8,1 15,8,1 16,8,1 17,8,1 18,8,1 19,8,1 8,9,1 12,9,1 8,10,1 12,10,1 8,11,1 12,11,1
[REJILLA]
20,12,32,32,8,8,1
[CELDAS]
1,0,23 2,0,8 3,0,8 4,0,8 5,0,8 6,0,8 7,0,8 8,0,8 9,0,8 10,0,8 11,0,8 12,0,8 13,0,8 14,0,8 15,0,8 16,0,8 17,0,8 18,0,8 19,0,25 1,1,6 2,1,42 3,1,42 4,1,42 5,1,42 6,1,42 7,1,42 8,1,42 9,1,42 10,1,42 11,1,42 12,1,42 13,1,42 14,1,42 15,1,42 16,1,42 17,1,42 18,1,42 19,1,4 0,2,8 1,2,9 2,2,42 3,2,42 4,2,42 5,2,42 6,2,42 7,2,42 8,2,42 9,2,42 10,2,42 11,2,42 12,2,42 13,2,42 14,2,42 15,2,42 16,2,42 17,2,42 18,2,42 19,2,4 0,3,47 1,3,42 2,3,42 3,3,42 4,3,42 5,3,42 6,3,42 7,3,42 8,3,42 9,3,42 10,3,42 11,3,42 12,3,42 13,3,42 14,3,42 15,3,42 16,3,42 17,3,42 18,3,42 19,3,4 0,4,48 1,4,42 2,4,42 3,4,42 4,4,42 5,4,1 6,4,2 7,4,2 8,4,2 9,4,2 10,4,2 11,4,2 12,4,2 13,4,2 14,4,2 15,4,3 16,4,42 17,4,42 18,4,42 19,4,4 0,5,49 1,5,42 2,5,42 3,5,42 4,5,42 5,5,4 8,5,23 9,5,8 10,5,8 11,5,8 12,5,8 13,5,8 14,5,8 15,5,9 16,5,42 17,5,42 18,5,42 19,5,47 0,6,2 1,6,2 2,6,2 3,6,2 4,6,2 5,6,31 8,6,6 9,6,42 10,6,42 11,6,42 12,6,42 13,6,42 14,6,42 15,6,42 16,6,42 17,6,42 18,6,42 19,6,48 8,7,6 9,7,42 10,7,42 11,7,42 12,7,42 13,7,42 14,7,42 15,7,42 16,7,42 17,7,42 18,7,42 19,7,49 8,8,6 9,8,42 10,8,42 11,8,42 12,8,1 13,8,2 14,8,2 15,8,2 16,8,2 17,8,2 18,8,2 19,8,2 8,9,6 9,9,42 10,9,42 11,9,42 12,9,4 8,10,6 9,10,42 10,10,42 11,10,42 12,10,4 8,11,6 9,11,50 10,11,51 11,11,52 12,11,4
[LOGICA]
0
[OBJETOS]
2,128,160
1,608,192,2
1,320,352,4
1,0,128,8
3,352,96
[LOGICA]
0
[OBJETOS]
30,416,224,30
30,288,64,30
[LOGICA]
0
[OBJETOS]
30,544,128,30
[/ESTRUCTURA]
