[ESTRUCTURA]
[INFO]
2,3
[META]
[/META]
[REJILLA]
20,10,32,32,8,8,0
[CELDAS]
5,0,1 6,0,1 7,0,1 8,0,1 9,0,1 10,0,1 4,1,1 11,1,1 3,2,1 12,2,1 2,3,1 13,3,1 14,3,1 15,3,1 16,3,1 17,3,1 18,3,1 19,3,1 1,4,1 0,5,1 1,5,1 8,7,1 9,7,1 10,7,1 11,7,1 12,7,1 13,7,1 17,7,1 18,7,1 19,7,1 7,8,1 13,8,1 17,8,1 0,9,1 1,9,1 2,9,1 3,9,1 4,9,1 5,9,1 6,9,1 13,9,1 17,9,1
[REJILLA]
20,10,32,32,8,8,1
[CELDAS]
4,0,23 5,0,8 6,0,8 7,0,8 8,0,8 9,0,8 10,0,8 11,0,25 3,1,23 4,1,9 5,1,42 6,1,42 7,1,42 8,1,42 9,1,42 10,1,42 11,1,7 12,1,25 2,2,23 3,2,9 4,2,42 5,2,42 6,2,42 7,2,42 8,2,42 9,2,42 10,2,42 11,2,42 12,2,7 13,2,25 1,3,23 2,3,9 3,3,42 4,3,42 5,3,42 6,3,42 7,3,42 8,3,42 9,3,42 10,3,42 11,3,42 12,3,42 13,3,7 14,3,8 15,3,8 16,3,8 17,3,8 18,3,8 19,3,8 1,4,6 2,4,42 3,4,42 4,4,42 5,4,42 6,4,42 7,4,42 8,4,42 9,4,42 10,4,42 11,4,42 12,4,42 13,4,42 14,4,42 15,4,42 16,4,42 17,4,42 18,4,42 19,4,47 0,5,8 1,5,9 2,5,42 3,5,42 4,5,42 5,5,42 6,5,42 7,5,42 8,5,42 9,5,42 10,5,42 11,5,42 12,5,42 13,5,42 14,5,42 15,5,42 16,5,42 17,5,42 18,5,42 19,5,48 0,6,47 1,6,42 2,6,42 3,6,42 4,6,42 5,6,42 6,6,42 7,6,42 8,6,42 9,6,42 10,6,42 11,6,42 12,6,42 13,6,42 14,6,42 15,6,42 16,6,42 17,6,42 18,6,42 19,6,49 0,7,48 1,7,42 2,7,42 3,7,42 4,7,42 5,7,42 6,7,42 7,7,42 8,7,1 9,7,2 10,7,2 11,7,2 12,7,2 13,7,3 14,7,42 15,7,42 16,7,42 17,7,1 18,7,2 19,7,2 0,8,49 1,8,42 2,8,42 3,8,42 4,8,42 5,8,42 6,8,42 7,8,1 8,8,31 13,8,6 14,8,42 15,8,42 16,8,42 17,8,4 0,9,2 1,9,2 2,9,2 3,9,2 4,9,2 5,9,2 6,9,2 7,9,31 13,9,6 14,9,50 15,9,51 16,9,52 17,9,4
[LOGICA]
0
[OBJETOS]
1,608,160,2
1,480,288,4
1,0,224,8
2,352,192
3,288,192
[LOGICA]
0
[OBJETOS]
10,352,128,15
11,288,128,10
[LOGICA]
0
[OBJETOS]
[/ESTRUCTURA]
