[ESTRUCTURA]
[INFO]
1,3
[META]
[/META]
[REJILLA]
20,10,32,32,8,8,0
[CELDAS]
0,0,1 1,0,1 2,0,1 3,0,1 4,0,1 5,0,1 6,0,1 7,0,1 8,0,1 9,0,1 10,0,1 11,0,1 12,0,1 13,0,1 14,0,1 15,0,1 16,0,1 17,0,1 18,0,1 19,0,1 0,1,1 19,1,1 0,2,1 19,2,1 0,3,1 19,3,1 0,4,1 19,4,1 0,5,1 19,5,1 0,6,1 19,6,1 0,7,1 19,7,1 0,8,1 19,8,1 0,9,1 1,9,1 2,9,1 3,9,1 4,9,1 5,9,1 6,9,1 7,9,1 8,9,1 9,9,1 10,9,1 11,9,1 12,9,1 13,9,1 14,9,1 15,9,1 19,9,1
[LOGICA]
0
[OBJETOS]
1,544,288,4
2,416,128
3,96,256
[LOGICA]
0
[OBJETOS]
30,288,160,30
11,128,224,10
11,64,224,10
11,128,160,10
11,64,160,10
[LOGICA]
0
[OBJETOS]
30,512,128,30
30,576,128,30
10,64,256,15
10,128,256,15
[/ESTRUCTURA]
