[ESTRUCTURA]
[INFO]
2,4
[META]
[/META]
[REJILLA]
16,9,32,32,8,8,0
[CELDAS]
0,0,1 1,0,1 2,0,1 3,0,1 4,0,1 5,0,1 6,0,1 7,0,1 8,0,1 9,0,1 10,0,1 11,0,1 12,0,1 13,0,1 14,0,1 15,0,1 0,1,1 15,1,1 0,2,1 15,2,1 0,3,1 7,3,1 8,3,1 9,3,1 15,3,1 0,4,1 15,4,1 0,5,1 15,5,1 0,6,1 15,6,1 0,7,1 4,7,1 5,7,1 6,7,1 10,7,1 11,7,1 12,7,1 15,7,1 0,8,1 1,8,1 2,8,1 3,8,1 6,8,1 10,8,1 12,8,1 13,8,1 14,8,1 15,8,1
[REJILLA]
16,9,32,32,8,8,1
[CELDAS]
0,0,23 1,0,8 2,0,8 3,0,8 4,0,8 5,0,8 6,0,8 7,0,8 8,0,8 9,0,8 10,0,8 11,0,8 12,0,8 13,0,8 14,0,8 15,0,25 0,1,6 1,1,42 2,1,42 3,1,42 4,1,42 5,1,42 6,1,42 7,1,42 8,1,42 9,1,42 10,1,42 11,1,42 12,1,42 13,1,42 14,1,42 15,1,4 0,2,6 1,2,42 2,2,42 3,2,42 4,2,42 5,2,42 6,2,42 7,2,42 8,2,42 9,2,42 10,2,42 11,2,42 12,2,42 13,2,42 14,2,42 15,2,4 0,3,6 1,3,42 2,3,42 3,3,42 4,3,42 5,3,42 6,3,42 7,3,10 8,3,11 9,3,12 10,3,42 11,3,42 12,3,42 13,3,42 14,3,42 15,3,4 0,4,6 1,4,42 2,4,42 3,4,42 4,4,42 5,4,42 6,4,42 7,4,42 8,4,42 9,4,42 10,4,42 11,4,42 12,4,42 13,4,42 14,4,42 15,4,4 0,5,6 1,5,42 2,5,42 3,5,42 4,5,42 5,5,42 6,5,42 7,5,42 8,5,42 9,5,42 10,5,42 11,5,42 12,5,42 13,5,42 14,5,42 15,5,4 0,6,6 1,6,42 2,6,42 3,6,42 4,6,42 5,6,42 6,6,42 7,6,42 8,6,42 9,6,42 10,6,42 11,6,42 12,6,42 13,6,42 14,6,42 15,6,4 0,7,6 1,7,42 2,7,42 3,7,42 4,7,1 5,7,2 6,7,3 7,7,42 8,7,42 9,7,42 10,7,1 11,7,2 12,7,3 13,7,42 14,7,42 15,7,4 0,8,29 1,8,2 2,8,2 3,8,2 4,8,31 6,8,6 7,8,50 8,8,51 9,8,52 10,8,4 12,8,29 13,8,2 14,8,2 15,8,31
[LOGICA]
0
[OBJETOS]
2,65,224
1,256,256,4
3,256,64
[LOGICA]
0
[OBJETOS]
30,352,128,30
30,160,128,30
10,416,128,15
11,64,128,10
[LOGICA]
0
[OBJETOS]
30,416,96,30
30,64,96,30
11,352,192,10
10,160,192,15
[LOGICA]
0
[OBJETOS]
30,416,64,30
30,352,160,30
30,160,160,30
30,96,64,30
10,288,64,15
10,288,32,15
11,224,64,10
11,224,32,10
[/ESTRUCTURA]
