[ESTRUCTURA]
[INFO]
2,3
[META]
[/META]
[REJILLA]
20,10,32,32,8,8,0
[CELDAS]
17,0,1 18,0,1 19,0,1 13,1,1 14,1,1 15,1,1 16,1,1 1,2,1 2,2,1 3,2,1 4,2,1 5,2,1 6,2,1 7,2,1 12,2,1 0,3,1 8,3,1 12,3,1 0,4,1 9,4,1 12,4,1 16,4,1 17,4,1 18,4,1 19,4,1 0,5,1 5,5,1 9,5,1 11,5,1 15,5,1 1,6,1 2,6,1 3,6,1 4,6,1 6,6,1 10,6,1 14,6,1 6,7,1 13,7,1 6,8,1 13,8,1 7,9,1 8,9,1 9,9,1 10,9,1 11,9,1 12,9,1
[REJILLA]
20,10,32,32,8,8,1
[CELDAS]
16,0,23 17,0,8 18,0,8 19,0,8 12,1,23 13,1,8 14,1,8 15,1,8 16,1,9 17,1,42 18,1,42 19,1,47 0,2,23 1,2,8 2,2,8 3,2,8 4,2,8 5,2,8 6,2,8 7,2,8 8,2,25 12,2,6 13,2,42 14,2,42 15,2,42 16,2,42 17,2,42 18,2,42 19,2,48 0,3,6 1,3,42 2,3,42 3,3,42 4,3,42 5,3,42 6,3,42 7,3,42 8,3,7 9,3,25 12,3,6 13,3,42 14,3,42 15,3,42 16,3,42 17,3,42 18,3,42 19,3,49 0,4,6 1,4,42 2,4,42 3,4,42 4,4,42 5,4,42 6,4,42 7,4,42 8,4,42 9,4,4 11,4,23 12,4,9 13,4,42 14,4,42 15,4,42 16,4,1 17,4,2 18,4,2 19,4,2 0,5,6 1,5,42 2,5,42 3,5,42 4,5,42 5,5,13 6,5,42 7,5,42 8,5,42 9,5,7 10,5,24 11,5,9 12,5,42 13,5,42 14,5,42 15,5,1 16,5,31 0,6,29 1,6,2 2,6,2 3,6,2 4,6,2 5,6,30 6,6,3 7,6,42 8,6,42 9,6,42 10,6,15 11,6,42 12,6,42 13,6,42 14,6,1 15,6,31 6,7,6 7,7,42 8,7,42 9,7,42 10,7,42 11,7,42 12,7,42 13,7,1 14,7,31 6,8,6 7,8,42 8,8,42 9,8,42 10,8,42 11,8,42 12,8,42 13,8,4 6,9,29 7,9,2 8,9,2 9,9,2 10,9,2 11,9,2 12,9,2 13,9,31
[LOGICA]
0
[OBJETOS]
1,608,64,2
2,320,256
3,160,128
[LOGICA]
0
[OBJETOS]
11,64,128,10
[LOGICA]
0
[OBJETOS]
30,224,160,30
10,64,128,15
10,128,128,15
10,96,128,15
[/ESTRUCTURA]
