[ESTRUCTURA]
[INFO]
2,3
[META]
[/META]
[REJILLA]
19,10,32,32,8,8,0
[CELDAS]
0,1,1 1,1,1 2,1,1 3,1,1 4,1,1 5,1,1 6,1,1 7,1,1 8,1,1 9,1,1 10,1,1 11,1,1 12,1,1 13,1,1 14,1,1 15,1,1 16,1,1 17,1,1 18,1,1 0,2,1 3,2,1 18,2,1 0,3,1 3,3,1 0,4,1 3,4,1 5,4,1 6,4,1 7,4,1 0,5,1 3,5,1 4,5,1 5,5,1 6,5,1 7,5,1 8,5,1 0,6,1 14,6,1 15,6,1 16,6,1 17,6,1 18,6,1 0,7,1 13,7,1 0,8,1 13,8,1 1,9,1 2,9,1 3,9,1 4,9,1 5,9,1 6,9,1 7,9,1 8,9,1 9,9,1 10,9,1 11,9,1 12,9,1
[REJILLA]
19,10,32,32,8,8,1
[CELDAS]
0,1,23 1,1,8 2,1,8 3,1,24 4,1,8 5,1,8 6,1,8 7,1,8 8,1,8 9,1,8 10,1,8 11,1,8 12,1,8 13,1,8 14,1,8 15,1,8 16,1,8 17,1,8 18,1,25 0,2,6 1,2,42 2,2,42 3,2,14 4,2,5 5,2,5 6,2,5 7,2,5 8,2,5 9,2,5 10,2,5 11,2,5 12,2,5 13,2,5 14,2,5 15,2,5 16,2,5 17,2,5 18,2,7 0,3,6 1,3,42 2,3,42 3,3,14 4,3,5 5,3,5 6,3,5 7,3,5 8,3,5 9,3,5 10,3,5 11,3,5 12,3,5 13,3,5 14,3,5 15,3,5 16,3,5 17,3,5 18,3,47 0,4,6 1,4,42 2,4,42 3,4,14 4,4,5 5,4,1 6,4,2 7,4,3 8,4,5 9,4,5 10,4,5 11,4,5 12,4,5 13,4,5 14,4,5 15,4,5 16,4,5 17,4,5 18,4,48 0,5,6 1,5,42 2,5,42 3,5,20 4,5,11 5,5,46 6,5,8 7,5,45 8,5,12 9,5,5 10,5,5 11,5,5 12,5,5 13,5,5 14,5,5 15,5,5 16,5,5 17,5,5 18,5,49 0,6,6 1,6,42 2,6,42 3,6,42 4,6,42 5,6,42 6,6,42 7,6,42 8,6,42 9,6,42 10,6,42 11,6,42 12,6,42 13,6,42 14,6,1 15,6,2 16,6,2 17,6,2 18,6,2 0,7,6 1,7,42 2,7,42 3,7,42 4,7,42 5,7,42 6,7,42 7,7,42 8,7,42 9,7,42 10,7,42 11,7,42 12,7,42 13,7,1 14,7,31 0,8,6 1,8,42 2,8,42 3,8,42 4,8,42 5,8,42 6,8,42 7,8,42 8,8,42 9,8,42 10,8,42 11,8,42 12,8,42 13,8,4 0,9,29 1,9,2 2,9,2 3,9,2 4,9,2 5,9,2 6,9,2 7,9,2 8,9,2 9,9,2 10,9,2 11,9,2 12,9,2 13,9,31
[LOGICA]
0
[OBJETOS]
2,193,96
1,577,128,2
3,192,256
[LOGICA]
0
[OBJETOS]
30,288,96,30
30,352,192,30
11,64,160,10
11,32,160,10
11,64,96,10
11,32,96,10
[LOGICA]
0
[OBJETOS]
10,64,160,15
[/ESTRUCTURA]
