[ESTRUCTURA]
[INFO]
2,4
[META]
[/META]
[REJILLA]
20,12,32,32,8,8,0
[CELDAS]
0,0,1 1,0,1 2,0,1 3,0,1 4,0,1 5,0,1 6,0,1 7,0,1 8,0,1 9,0,1 10,0,1 11,0,1 12,0,1 13,0,1 14,0,1 18,0,1 19,0,1 0,1,1 19,1,1 0,2,1 19,2,1 3,3,1 4,3,1 5,3,1 6,3,1 7,3,1 8,3,1 9,3,1 10,3,1 11,3,1 12,3,1 13,3,1 14,3,1 15,3,1 16,3,1 19,3,1 3,4,1 16,4,1 19,4,1 19,5,1 0,6,1 19,6,1 0,7,1 3,7,1 16,7,1 19,7,1 0,8,1 3,8,1 4,8,1 5,8,1 6,8,1 7,8,1 8,8,1 9,8,1 10,8,1 11,8,1 12,8,1 13,8,1 14,8,1 15,8,1 16,8,1 0,9,1 0,10,1 0,11,1 1,11,1 2,11,1 3,11,1 4,11,1 8,11,1 9,11,1 10,11,1 11,11,1 12,11,1 13,11,1 14,11,1 15,11,1 16,11,1 17,11,1 18,11,1 19,11,1
[REJILLA]
20,12,32,32,8,8,1
[CELDAS]
0,0,23 1,0,8 2,0,8 3,0,8 4,0,8 5,0,8 6,0,8 7,0,8 8,0,8 9,0,8 10,0,8 11,0,8 12,0,8 13,0,8 14,0,9 15,0,50 16,0,51 17,0,52 18,0,7 19,0,25 0,1,6 1,1,42 2,1,42 3,1,42 4,1,42 5,1,42 6,1,42 7,1,42 8,1,42 9,1,42 10,1,42 11,1,42 12,1,42 13,1,42 14,1,42 15,1,42 16,1,42 17,1,42 18,1,42 19,1,4 0,2,9 1,2,42 2,2,42 3,2,42 4,2,42 5,2,42 6,2,42 7,2,42 8,2,42 9,2,42 10,2,42 11,2,42 12,2,42 13,2,42 14,2,42 15,2,42 16,2,42 17,2,42 18,2,42 19,2,4 0,3,47 1,3,42 2,3,42 3,3,17 4,3,11 5,3,11 6,3,11 7,3,11 8,3,11 9,3,11 10,3,11 11,3,11 12,3,11 13,3,11 14,3,11 15,3,11 16,3,19 17,3,42 18,3,42 19,3,4 0,4,48 1,4,42 2,4,42 3,4,15 4,4,5 5,4,5 6,4,5 7,4,5 8,4,5 9,4,5 10,4,5 11,4,5 12,4,5 13,4,5 14,4,5 15,4,5 16,4,15 17,4,42 18,4,42 19,4,4 0,5,49 1,5,42 2,5,42 3,5,47 4,5,5 5,5,5 6,5,5 7,5,5 8,5,5 9,5,5 10,5,5 11,5,5 12,5,5 13,5,5 14,5,5 15,5,5 16,5,47 17,5,42 18,5,42 19,5,4 0,6,3 1,6,42 2,6,42 3,6,49 4,6,5 5,6,5 6,6,5 7,6,5 8,6,5 9,6,5 10,6,5 11,6,5 12,6,5 13,6,5 14,6,5 15,6,5 16,6,49 17,6,42 18,6,42 19,6,4 0,7,6 1,7,42 2,7,42 3,7,13 4,7,5 5,7,5 6,7,5 7,7,5 8,7,5 9,7,5 10,7,5 11,7,5 12,7,5 13,7,5 14,7,5 15,7,5 16,7,13 17,7,42 18,7,42 19,7,7 0,8,6 1,8,42 2,8,42 3,8,20 4,8,11 5,8,11 6,8,11 7,8,11 8,8,11 9,8,11 10,8,11 11,8,11 12,8,11 13,8,11 14,8,11 15,8,11 16,8,22 17,8,42 18,8,42 19,8,47 0,9,6 1,9,42 2,9,42 3,9,42 4,9,42 5,9,42 6,9,42 7,9,42 8,9,42 9,9,42 10,9,42 11,9,42 12,9,42 13,9,42 14,9,42 15,9,42 16,9,42 17,9,42 18,9,42 19,9,48 0,10,6 1,10,42 2,10,42 3,10,42 4,10,42 5,10,42 6,10,42 7,10,42 8,10,42 9,10,42 10,10,42 11,10,42 12,10,42 13,10,42 14,10,42 15,10,42 16,10,42 17,10,42 18,10,42 19,10,49 0,11,29 1,11,2 2,11,2 3,11,2 4,11,3 5,11,50 6,11,51 7,11,52 8,11,1 9,11,2 10,11,2 11,11,2 12,11,2 13,11,2 14,11,2 15,11,2 16,11,2 17,11,2 18,11,2 19,11,2
[LOGICA]
0
[OBJETOS]
1,512,0,1
1,608,288,2
1,192,352,4
1,0,128,8
2,288,64
11,448,160,10
11,160,160,10
11,288,160,10
11,352,160,10
10,384,160,15
10,320,160,15
10,256,160,15
3,320,320
[LOGICA]
0
[OBJETOS]
30,448,288,30
30,128,288,30
[LOGICA]
0
[OBJETOS]
30,544,64,30
30,576,288,30
30,64,32,30
30,32,256,30
[LOGICA]
0
[OBJETOS]
[/ESTRUCTURA]
