[ESTRUCTURA]
[INFO]
2,3
[META]
[/META]
[REJILLA]
20,10,32,32,8,8,0
[CELDAS]
0,0,1 1,0,1 2,0,1 3,0,1 4,0,1 5,0,1 6,0,1 7,0,1 11,0,1 12,0,1 13,0,1 14,0,1 15,0,1 16,0,1 17,0,1 18,0,1 19,0,1 0,1,1 19,1,1 0,2,1 3,2,1 4,2,1 5,2,1 14,2,1 15,2,1 16,2,1 19,2,1 6,3,1 7,3,1 11,3,1 12,3,1 13,3,1 0,6,1 3,6,1 5,6,1 14,6,1 16,6,1 19,6,1 0,7,1 3,7,1 4,7,1 5,7,1 14,7,1 15,7,1 16,7,1 19,7,1 0,8,1 19,8,1 0,9,1 1,9,1 2,9,1 3,9,1 4,9,1 5,9,1 6,9,1 7,9,1 11,9,1 12,9,1 13,9,1 14,9,1 15,9,1 16,9,1 17,9,1 18,9,1 19,9,1
[REJILLA]
20,10,32,32,8,8,1
[CELDAS]
0,0,23 1,0,8 2,0,8 3,0,8 4,0,8 5,0,8 6,0,8 7,0,9 8,0,50 9,0,51 10,0,52 11,0,7 12,0,8 13,0,8 14,0,8 15,0,8 16,0,8 17,0,8 18,0,8 19,0,25 0,1,6 1,1,5 2,1,5 3,1,5 4,1,5 5,1,5 6,1,5 7,1,5 8,1,5 9,1,5 10,1,5 11,1,5 12,1,5 13,1,5 14,1,5 15,1,5 16,1,5 17,1,5 18,1,5 19,1,4 0,2,9 1,2,5 2,2,5 3,2,10 4,2,11 5,2,12 6,2,5 7,2,5 8,2,5 9,2,5 10,2,5 11,2,5 12,2,5 13,2,5 14,2,10 15,2,11 16,2,12 17,2,5 18,2,5 19,2,7 0,3,47 1,3,5 2,3,5 3,3,5 4,3,5 5,3,5 6,3,10 7,3,12 8,3,5 9,3,5 10,3,5 11,3,10 12,3,11 13,3,12 14,3,5 15,3,5 16,3,5 17,3,5 18,3,5 19,3,47 0,4,48 1,4,5 2,4,5 3,4,5 4,4,5 5,4,5 6,4,5 7,4,5 8,4,5 9,4,5 10,4,5 11,4,5 12,4,5 13,4,5 14,4,5 15,4,5 16,4,5 17,4,5 18,4,5 19,4,48 0,5,49 1,5,5 2,5,5 3,5,5 4,5,5 5,5,5 6,5,5 7,5,5 8,5,5 9,5,5 10,5,5 11,5,5 12,5,5 13,5,5 14,5,5 15,5,5 16,5,5 17,5,5 18,5,5 19,5,49 0,6,3 1,6,5 2,6,5 3,6,13 4,6,5 5,6,13 6,6,5 7,6,5 8,6,5 9,6,5 10,6,5 11,6,5 12,6,5 13,6,5 14,6,13 15,6,5 16,6,13 17,6,5 18,6,5 19,6,1 0,7,6 1,7,5 2,7,5 3,7,20 4,7,11 5,7,22 6,7,5 7,7,5 8,7,5 9,7,5 10,7,5 11,7,5 12,7,5 13,7,5 14,7,20 15,7,11 16,7,22 17,7,5 18,7,5 19,7,4 0,8,6 1,8,5 2,8,5 3,8,5 4,8,5 5,8,5 6,8,5 7,8,5 8,8,5 9,8,5 10,8,5 11,8,5 12,8,5 13,8,5 14,8,5 15,8,5 16,8,5 17,8,5 18,8,5 19,8,4 0,9,29 1,9,2 2,9,2 3,9,2 4,9,2 5,9,2 6,9,2 7,9,3 8,9,50 9,9,51 10,9,52 11,9,1 12,9,2 13,9,2 14,9,2 15,9,2 16,9,2 17,9,2 18,9,2 19,9,31
[LOGICA]
0
[OBJETOS]
10,480,32,15
11,128,32,10
1,288,0,1
1,288,288,4
1,608,128,2
1,0,128,8
2,288,128
3,384,64
[LOGICA]
0
[OBJETOS]
30,448,256,30
30,160,256,30
30,128,32,30
30,480,32,30
[LOGICA]
0
[OBJETOS]
30,480,192,30
30,352,32,30
30,224,32,30
30,128,192,30
[/ESTRUCTURA]
