[ESTRUCTURA]
[INFO]
1,3
[META]
[/META]
[REJILLA]
20,7,32,32,8,8,0
[CELDAS]
1,0,1 2,0,1 3,0,1 4,0,1 5,0,1 6,0,1 7,0,1 8,0,1 9,0,1 10,0,1 11,0,1 12,0,1 13,0,1 14,0,1 15,0,1 16,0,1 17,0,1 18,0,1 0,1,1 19,1,1 0,5,1 19,5,1 1,6,1 2,6,1 3,6,1 4,6,1 5,6,1 6,6,1 7,6,1 8,6,1 9,6,1 10,6,1 11,6,1 12,6,1 13,6,1 14,6,1 15,6,1 16,6,1 17,6,1 18,6,1
[LOGICA]
0
[OBJETOS]
2,320,96
1,0,96,8
1,608,96,2
3,320,160
[LOGICA]
0
[OBJETOS]
30,480,96,30
30,128,96,30
11,288,64,10
[LOGICA]
0
[OBJETOS]
30,320,96,30
[/ESTRUCTURA]
