[ESTRUCTURA]
[INFO]
1,1
[META]
[/META]
[REJILLA]
20,10,32,32,8,8,0
[CELDAS]
7,0,1 8,0,1 9,0,1 10,0,1 11,0,1 12,0,1 13,0,1 14,0,1 15,0,1 16,0,1 17,0,1 18,0,1 19,0,1 7,1,1 19,1,1 7,2,1 7,3,1 0,4,1 1,4,1 2,4,1 3,4,1 4,4,1 5,4,1 6,4,1 7,4,1 13,4,1 14,4,1 15,4,1 16,4,1 13,5,1 17,5,1 18,5,1 19,5,1 13,6,1 13,7,1 0,8,1 13,8,1 0,9,1 1,9,1 2,9,1 3,9,1 4,9,1 5,9,1 6,9,1 7,9,1 8,9,1 9,9,1 10,9,1 11,9,1 12,9,1 13,9,1
[LOGICA]
0
[OBJETOS]
1,0,192,8
1,608,96,2
2,320,256
30,384,64,30
30,256,160,30
10,448,64,15
[/ESTRUCTURA]
