[ESTRUCTURA]
[INFO]
2,3
[META]
[/META]
[REJILLA]
40,14,32,32,8,8,0
[CELDAS]
9,0,1 10,0,1 11,0,1 12,0,1 13,0,1 32,0,1 33,0,1 34,0,1 8,1,1 14,1,1 31,1,1 35,1,1 7,2,1 15,2,1 30,2,1 36,2,1 37,2,1 38,2,1 39,2,1 6,3,1 16,3,1 29,3,1 5,4,1 17,4,1 28,4,1 0,5,1 1,5,1 2,5,1 3,5,1 4,5,1 18,5,1 27,5,1 19,6,1 26,6,1 36,6,1 37,6,1 38,6,1 39,6,1 20,7,1 21,7,1 22,7,1 23,7,1 24,7,1 25,7,1 35,7,1 34,8,1 0,9,1 1,9,1 2,9,1 3,9,1 4,9,1 33,9,1 5,10,1 20,10,1 21,10,1 22,10,1 23,10,1 24,10,1 25,10,1 32,10,1 6,11,1 19,11,1 26,11,1 31,11,1 7,12,1 18,12,1 27,12,1 28,12,1 29,12,1 30,12,1 8,13,1 9,13,1 10,13,1 11,13,1 12,13,1 13,13,1 14,13,1 15,13,1 16,13,1 17,13,1
[REJILLA]
40,14,32,32,8,8,1
[CELDAS]
8,0,23 9,0,8 10,0,8 11,0,8 12,0,8 13,0,8 14,0,25 31,0,23 32,0,8 33,0,8 34,0,8 35,0,25 7,1,23 8,1,9 9,1,5 10,1,5 11,1,5 12,1,5 13,1,5 14,1,7 15,1,25 30,1,23 31,1,9 32,1,5 33,1,5 34,1,5 35,1,7 36,1,25 6,2,23 7,2,9 8,2,5 9,2,5 10,2,5 11,2,5 12,2,5 13,2,5 14,2,5 15,2,7 16,2,25 29,2,23 30,2,9 31,2,5 32,2,5 33,2,5 34,2,5 35,2,5 36,2,7 37,2,8 38,2,8 39,2,8 5,3,23 6,3,9 7,3,5 8,3,5 9,3,5 10,3,5 11,3,5 12,3,5 13,3,5 14,3,5 15,3,5 16,3,7 17,3,25 28,3,23 29,3,9 30,3,5 31,3,5 32,3,5 33,3,5 34,3,5 35,3,5 36,3,5 37,3,5 38,3,5 39,3,47 4,4,23 5,4,9 6,4,5 7,4,5 8,4,5 9,4,5 10,4,5 11,4,5 12,4,5 13,4,5 14,4,5 15,4,5 16,4,5 17,4,7 18,4,25 27,4,23 28,4,9 29,4,5 30,4,5 31,4,5 32,4,5 33,4,5 34,4,5 35,4,5 36,4,5 37,4,5 38,4,5 39,4,48 0,5,8 1,5,8 2,5,8 3,5,8 4,5,9 5,5,5 6,5,5 7,5,5 8,5,5 9,5,5 10,5,5 11,5,5 12,5,5 13,5,5 14,5,5 15,5,5 16,5,5 17,5,5 18,5,7 19,5,25 26,5,23 27,5,9 28,5,5 29,5,5 30,5,5 31,5,5 32,5,5 33,5,5 34,5,5 35,5,5 36,5,5 37,5,5 38,5,5 39,5,49 0,6,47 1,6,5 2,6,5 3,6,5 4,6,5 5,6,5 6,6,5 7,6,5 8,6,5 9,6,5 10,6,5 11,6,5 12,6,5 13,6,5 14,6,5 15,6,5 16,6,5 17,6,5 18,6,5 19,6,7 20,6,25 25,6,23 26,6,9 27,6,5 28,6,5 29,6,5 30,6,5 31,6,5 32,6,5 33,6,5 34,6,5 35,6,5 36,6,1 37,6,2 38,6,2 39,6,2 0,7,48 1,7,5 2,7,5 3,7,5 4,7,5 5,7,5 6,7,5 7,7,5 8,7,5 9,7,5 10,7,5 11,7,5 12,7,5 13,7,5 14,7,5 15,7,5 16,7,5 17,7,5 18,7,5 19,7,5 20,7,7 21,7,8 22,7,8 23,7,8 24,7,8 25,7,9 26,7,5 27,7,5 28,7,5 29,7,5 30,7,5 31,7,5 32,7,5 33,7,5 34,7,5 35,7,1 36,7,31 0,8,49 1,8,5 2,8,5 3,8,5 4,8,5 5,8,5 6,8,5 7,8,5 8,8,5 9,8,5 10,8,5 11,8,5 12,8,5 13,8,5 14,8,5 15,8,5 16,8,5 17,8,5 18,8,5 19,8,5 20,8,5 21,8,5 22,8,5 23,8,5 24,8,5 25,8,5 26,8,5 27,8,5 28,8,5 29,8,5 30,8,5 31,8,5 32,8,5 33,8,5 34,8,1 35,8,31 0,9,2 1,9,2 2,9,2 3,9,2 4,9,3 5,9,5 6,9,5 7,9,5 8,9,5 9,9,5 10,9,5 11,9,5 12,9,5 13,9,5 14,9,5 15,9,5 16,9,5 17,9,5 18,9,5 19,9,5 20,9,5 21,9,5 22,9,5 23,9,5 24,9,5 25,9,5 26,9,5 27,9,5 28,9,5 29,9,5 30,9,5 31,9,5 32,9,5 33,9,1 34,9,31 4,10,29 5,10,3 6,10,5 7,10,5 8,10,5 9,10,5 10,10,5 11,10,5 12,10,5 13,10,5 14,10,5 15,10,5 16,10,5 17,10,5 18,10,5 19,10,5 20,10,1 21,10,2 22,10,2 23,10,2 24,10,2 25,10,3 26,10,5 27,10,5 28,10,5 29,10,5 30,10,5 31,10,5 32,10,1 33,10,31 5,11,29 6,11,3 7,11,5 8,11,5 9,11,5 10,11,5 11,11,5 12,11,5 13,11,5 14,11,5 15,11,5 16,11,5 17,11,5 18,11,5 19,11,1 20,11,31 25,11,29 26,11,3 27,11,5 28,11,5 29,11,5 30,11,5 31,11,1 32,11,31 6,12,29 7,12,3 8,12,5 9,12,5 10,12,5 11,12,5 12,12,5 13,12,5 14,12,5 15,12,5 16,12,5 17,12,5 18,12,1 19,12,31 26,12,29 27,12,2 28,12,2 29,12,2 30,12,2 31,12,31 7,13,29 8,13,2 9,13,2 10,13,2 11,13,2 12,13,2 13,13,2 14,13,2 15,13,2 16,13,2 17,13,2 18,13,31
[LOGICA]
0
[OBJETOS]
1,0,224,8
1,1248,128,2
2,416,384
3,704,288
[LOGICA]
0
[OBJETOS]
30,960,160,30
30,448,160,30
[LOGICA]
0
[OBJETOS]
30,768,256,30
30,672,256,30
[/ESTRUCTURA]
