[ESTRUCTURA]
[INFO]
2,3
[META]
[/META]
[REJILLA]
20,12,32,32,8,8,0
[CELDAS]
2,0,1 3,0,1 4,0,1 5,0,1 6,0,1 7,0,1 8,0,1 12,0,1 13,0,1 14,0,1 15,0,1 16,0,1 17,0,1 18,0,1 1,1,1 9,1,1 11,1,1 19,1,1 1,2,1 9,2,1 11,2,1 19,2,1 1,3,1 9,3,1 11,3,1 19,3,1 1,4,1 2,4,1 3,4,1 4,4,1 5,4,1 9,4,1 11,4,1 19,4,1 4,5,1 9,5,1 10,5,1 11,5,1 19,5,1 3,6,1 19,6,1 0,7,1 1,7,1 2,7,1 19,7,1 12,8,1 13,8,1 14,8,1 15,8,1 16,8,1 17,8,1 18,8,1 11,9,1 10,10,1 0,11,1 1,11,1 2,11,1 3,11,1 4,11,1 5,11,1 6,11,1 7,11,1 8,11,1 9,11,1
[REJILLA]
20,12,32,32,8,8,1
[CELDAS]
1,0,23 2,0,8 3,0,8 4,0,8 5,0,8 6,0,8 7,0,8 8,0,8 9,0,25 11,0,23 12,0,8 13,0,8 14,0,8 15,0,8 16,0,8 17,0,8 18,0,8 19,0,25 1,1,6 2,1,5 3,1,5 4,1,5 5,1,5 6,1,5 7,1,5 8,1,5 9,1,4 11,1,6 12,1,5 13,1,5 14,1,5 15,1,5 16,1,5 17,1,5 18,1,5 19,1,4 1,2,6 2,2,5 3,2,5 4,2,5 5,2,5 6,2,5 7,2,5 8,2,5 9,2,4 11,2,6 12,2,5 13,2,5 14,2,5 15,2,5 16,2,5 17,2,5 18,2,5 19,2,4 1,3,6 2,3,5 3,3,5 4,3,5 5,3,5 6,3,5 7,3,5 8,3,5 9,3,4 11,3,6 12,3,5 13,3,5 14,3,5 15,3,5 16,3,5 17,3,5 18,3,5 19,3,4 1,4,29 2,4,2 3,4,2 4,4,43 5,4,12 6,4,5 7,4,5 8,4,5 9,4,4 11,4,6 12,4,5 13,4,5 14,4,5 15,4,5 16,4,5 17,4,5 18,4,5 19,4,4 3,5,23 4,5,9 5,5,5 6,5,5 7,5,5 8,5,5 9,5,7 10,5,8 11,5,9 12,5,5 13,5,5 14,5,5 15,5,5 16,5,5 17,5,5 18,5,5 19,5,4 2,6,23 3,6,9 4,6,5 5,6,5 6,6,5 7,6,5 8,6,5 9,6,47 10,6,5 11,6,47 12,6,5 13,6,5 14,6,5 15,6,5 16,6,5 17,6,5 18,6,5 19,6,4 0,7,8 1,7,8 2,7,9 3,7,5 4,7,5 5,7,5 6,7,5 7,7,5 8,7,5 9,7,48 10,7,5 11,7,48 12,7,5 13,7,5 14,7,5 15,7,5 16,7,5 17,7,5 18,7,5 19,7,4 0,8,47 1,8,5 2,8,5 3,8,5 4,8,5 5,8,5 6,8,5 7,8,5 8,8,5 9,8,48 10,8,5 11,8,49 12,8,1 13,8,2 14,8,2 15,8,2 16,8,2 17,8,2 18,8,2 19,8,31 0,9,48 1,9,5 2,9,5 3,9,5 4,9,5 5,9,5 6,9,5 7,9,5 8,9,5 9,9,48 10,9,5 11,9,1 12,9,31 0,10,49 1,10,5 2,10,5 3,10,5 4,10,5 5,10,5 6,10,5 7,10,5 8,10,5 9,10,49 10,10,1 11,10,31 0,11,2 1,11,2 2,11,2 3,11,2 4,11,2 5,11,2 6,11,2 7,11,2 8,11,2 9,11,2 10,11,31
[LOGICA]
0
[OBJETOS]
2,128,96
1,0,288,8
30,320,224,30
3,96,96
[LOGICA]
0
[OBJETOS]
30,416,160,30
11,480,224,10
11,544,224,10
10,480,160,15
10,544,160,15
11,544,96,10
11,480,96,10
[LOGICA]
0
[OBJETOS]
11,448,96,10
11,512,96,10
[/ESTRUCTURA]
