[ESTRUCTURA]
[INFO]
2,2
[META]
[/META]
[REJILLA]
17,10,32,32,8,8,0
[CELDAS]
9,0,1 10,0,1 11,0,1 12,0,1 13,0,1 14,0,1 15,0,1 8,1,1 16,1,1 7,2,1 16,2,1 0,3,1 1,3,1 6,3,1 16,3,1 2,4,1 5,4,1 16,4,1 3,5,1 4,5,1 16,5,1 16,6,1 0,7,1 1,7,1 2,7,1 3,7,1 4,7,1 5,7,1 6,7,1 7,7,1 16,7,1 8,8,1 16,8,1 9,9,1 10,9,1 11,9,1 12,9,1 13,9,1 14,9,1 15,9,1
[REJILLA]
17,10,32,32,8,8,1
[CELDAS]
8,0,23 9,0,8 10,0,8 11,0,8 12,0,8 13,0,8 14,0,8 15,0,8 16,0,25 7,1,23 8,1,9 9,1,5 10,1,5 11,1,5 12,1,5 13,1,5 14,1,5 15,1,5 16,1,4 6,2,23 7,2,9 8,2,5 9,2,5 10,2,5 11,2,5 12,2,5 13,2,5 14,2,5 15,2,5 16,2,4 0,3,8 1,3,8 2,3,25 5,3,23 6,3,9 7,3,5 8,3,5 9,3,5 10,3,5 11,3,5 12,3,5 13,3,5 14,3,5 15,3,5 16,3,4 0,4,47 1,4,5 2,4,7 3,4,25 4,4,23 5,4,9 6,4,5 7,4,5 8,4,5 9,4,5 10,4,5 11,4,5 12,4,5 13,4,5 14,4,5 15,4,5 16,4,4 0,5,48 1,5,5 2,5,5 3,5,7 4,5,9 5,5,5 6,5,5 7,5,5 8,5,5 9,5,5 10,5,5 11,5,5 12,5,5 13,5,5 14,5,5 15,5,5 16,5,4 0,6,49 1,6,5 2,6,5 3,6,5 4,6,5 5,6,5 6,6,5 7,6,5 8,6,5 9,6,5 10,6,5 11,6,5 12,6,5 13,6,5 14,6,5 15,6,5 16,6,4 0,7,2 1,7,2 2,7,2 3,7,2 4,7,2 5,7,2 6,7,2 7,7,3 8,7,5 9,7,5 10,7,5 11,7,5 12,7,5 13,7,5 14,7,5 15,7,5 16,7,4 7,8,29 8,8,3 9,8,5 10,8,5 11,8,5 12,8,5 13,8,5 14,8,5 15,8,5 16,8,4 8,9,29 9,9,2 10,9,2 11,9,2 12,9,2 13,9,2 14,9,2 15,9,2 16,9,31
[LOGICA]
0
[OBJETOS]
2,384,256
1,0,160,8
3,416,256
[LOGICA]
0
[OBJETOS]
30,288,160,30
30,352,96,30
[/ESTRUCTURA]
