[ESTRUCTURA]
[INFO]
1,3
[META]
[/META]
[REJILLA]
17,10,32,32,8,8,0
[CELDAS]
0,0,1 1,0,1 2,0,1 3,0,1 4,0,1 5,0,1 6,0,1 7,0,1 8,0,1 9,0,1 10,0,1 11,0,1 12,0,1 13,0,1 14,0,1 15,0,1 16,0,1 0,1,1 16,1,1 0,2,1 16,2,1 16,3,1 12,4,1 13,4,1 14,4,1 15,4,1 16,4,1 12,5,1 0,6,1 12,6,1 0,7,1 12,7,1 0,8,1 12,8,1 0,9,1 1,9,1 2,9,1 3,9,1 4,9,1 5,9,1 6,9,1 7,9,1 8,9,1 12,9,1
[LOGICA]
0
[OBJETOS]
1,0,128,8
1,320,288,4
2,128,256
3,416,96
[LOGICA]
0
[OBJETOS]
30,224,192,30
30,160,96,30
10,448,96,15
[LOGICA]
0
[OBJETOS]
30,416,64,30
11,448,96,10
[/ESTRUCTURA]
