[ESTRUCTURA]
[INFO]
2,3
[META]
[/META]
[REJILLA]
20,10,32,32,8,8,0
[CELDAS]
0,0,1 1,0,1 2,0,1 3,0,1 4,0,1 5,0,1 6,0,1 7,0,1 8,0,1 9,0,1 10,0,1 11,0,1 12,0,1 13,0,1 14,0,1 15,0,1 16,0,1 17,0,1 18,0,1 19,0,1 0,1,1 19,1,1 19,2,1 19,3,1 7,4,1 8,4,1 9,4,1 10,4,1 11,4,1 12,4,1 13,4,1 19,4,1 0,5,1 1,5,1 2,5,1 3,5,1 4,5,1 5,5,1 6,5,1 19,5,1 0,6,1 19,6,1 0,7,1 19,7,1 0,8,1 19,8,1 0,9,1 4,9,1 5,9,1 6,9,1 7,9,1 8,9,1 9,9,1 10,9,1 11,9,1 12,9,1 13,9,1 14,9,1 15,9,1 16,9,1 17,9,1 18,9,1 19,9,1
[REJILLA]
20,10,32,32,8,8,1
[CELDAS]
0,0,23 1,0,8 2,0,8 3,0,8 4,0,8 5,0,8 6,0,8 7,0,8 8,0,8 9,0,8 10,0,8 11,0,8 12,0,8 13,0,8 14,0,8 15,0,8 16,0,8 17,0,8 18,0,8 19,0,25 0,1,9 1,1,5 2,1,5 3,1,5 4,1,5 5,1,5 6,1,5 7,1,5 8,1,5 9,1,5 10,1,5 11,1,5 12,1,5 13,1,5 14,1,5 15,1,5 16,1,5 17,1,5 18,1,5 19,1,4 0,2,47 1,2,5 2,2,5 3,2,5 4,2,5 5,2,5 6,2,5 7,2,5 8,2,5 9,2,5 10,2,5 11,2,5 12,2,5 13,2,5 14,2,5 15,2,5 16,2,5 17,2,5 18,2,5 19,2,4 0,3,48 1,3,5 2,3,5 3,3,5 4,3,5 5,3,5 6,3,5 7,3,5 8,3,5 9,3,5 10,3,5 11,3,5 12,3,5 13,3,5 14,3,5 15,3,5 16,3,5 17,3,5 18,3,5 19,3,4 0,4,49 1,4,5 2,4,5 3,4,5 4,4,5 5,4,5 6,4,5 7,4,10 8,4,11 9,4,11 10,4,11 11,4,11 12,4,11 13,4,12 14,4,50 15,4,51 16,4,51 17,4,51 18,4,52 19,4,4 0,5,43 1,5,11 2,5,11 3,5,11 4,5,11 5,5,11 6,5,12 7,5,42 8,5,42 9,5,42 10,5,42 11,5,42 12,5,42 13,5,42 14,5,42 15,5,42 16,5,42 17,5,42 18,5,42 19,5,4 0,6,6 1,6,42 2,6,42 3,6,42 4,6,42 5,6,42 6,6,42 7,6,42 8,6,42 9,6,42 10,6,42 11,6,42 12,6,42 13,6,42 14,6,42 15,6,42 16,6,42 17,6,42 18,6,42 19,6,4 0,7,6 1,7,42 2,7,42 3,7,42 4,7,42 5,7,42 6,7,42 7,7,42 8,7,42 9,7,42 10,7,42 11,7,42 12,7,42 13,7,42 14,7,42 15,7,42 16,7,42 17,7,42 18,7,42 19,7,4 0,8,6 1,8,42 2,8,42 3,8,42 4,8,42 5,8,42 6,8,42 7,8,42 8,8,42 9,8,42 10,8,42 11,8,42 12,8,42 13,8,42 14,8,42 15,8,42 16,8,42 17,8,42 18,8,42 19,8,4 0,9,6 1,9,50 2,9,51 3,9,52 4,9,1 5,9,2 6,9,2 7,9,2 8,9,2 9,9,2 10,9,2 11,9,2 12,9,2 13,9,2 14,9,2 15,9,2 16,9,2 17,9,2 18,9,2 19,9,31
[LOGICA]
0
[OBJETOS]
2,416,96
10,512,256,15
10,512,128,15
10,512,32,15
1,0,96,8
1,64,288,4
3,320,96
[LOGICA]
0
[OBJETOS]
30,96,64,30
30,256,64,30
30,416,192,30
30,320,192,30
[LOGICA]
0
[OBJETOS]
30,256,64,30
30,256,192,30
[/ESTRUCTURA]
