[ESTRUCTURA]
[INFO]
1,1
[META]
[/META]
[REJILLA]
20,12,32,32,8,8,0
[CELDAS]
12,0,1 16,0,1 12,1,1 16,1,1 3,2,1 4,2,1 5,2,1 6,2,1 7,2,1 8,2,1 9,2,1 10,2,1 11,2,1 12,2,1 16,2,1 17,2,1 3,3,1 17,3,1 3,4,1 17,4,1 3,5,1 17,5,1 0,6,1 1,6,1 2,6,1 3,6,1 4,6,1 5,6,1 9,6,1 10,6,1 11,6,1 12,6,1 13,6,1 17,6,1 9,7,1 10,7,1 11,7,1 12,7,1 13,7,1 17,7,1 17,8,1 17,9,1 0,10,1 1,10,1 2,10,1 3,10,1 4,10,1 5,10,1 17,10,1 6,11,1 7,11,1 8,11,1 9,11,1 10,11,1 11,11,1 12,11,1 13,11,1 14,11,1 15,11,1 16,11,1 17,11,1
[LOGICA]
0
[OBJETOS]
1,448,0,1
1,0,256,8
2,128,128
30,320,96,30
30,384,256,30
11,480,224,10
11,480,192,10
[/ESTRUCTURA]
