[ESTRUCTURA]
[INFO]
2,2
[META]
[/META]
[REJILLA]
13,10,32,32,8,8,0
[CELDAS]
8,0,1 12,0,1 8,1,1 12,1,1 8,2,1 12,2,1 8,3,1 12,3,1 0,4,1 1,4,1 2,4,1 3,4,1 8,4,1 12,4,1 4,5,1 5,5,1 6,5,1 7,5,1 12,5,1 12,6,1 12,7,1 0,8,1 1,8,1 2,8,1 3,8,1 11,8,1 4,9,1 5,9,1 6,9,1 7,9,1 8,9,1 9,9,1 10,9,1
[REJILLA]
13,10,32,32,8,8,1
[CELDAS]
8,0,6 9,0,50 10,0,51 11,0,52 12,0,4 8,1,6 9,1,42 10,1,42 11,1,42 12,1,4 8,2,6 9,2,42 10,2,42 11,2,42 12,2,4 8,3,6 9,3,42 10,3,42 11,3,42 12,3,4 0,4,8 1,4,8 2,4,8 3,4,8 4,4,25 7,4,23 8,4,9 9,4,42 10,4,42 11,4,42 12,4,4 0,5,47 1,5,42 2,5,42 3,5,42 4,5,7 5,5,8 6,5,8 7,5,9 8,5,42 9,5,42 10,5,42 11,5,42 12,5,4 0,6,48 1,6,42 2,6,42 3,6,42 4,6,42 5,6,42 6,6,42 7,6,42 8,6,42 9,6,42 10,6,42 11,6,42 12,6,4 0,7,49 1,7,42 2,7,42 3,7,42 4,7,42 5,7,42 6,7,42 7,7,42 8,7,42 9,7,42 10,7,42 11,7,42 12,7,4 0,8,2 1,8,2 2,8,2 3,8,3 4,8,42 5,8,42 6,8,42 7,8,42 8,8,42 9,8,42 10,8,42 11,8,1 12,8,31 3,9,29 4,9,2 5,9,2 6,9,2 7,9,2 8,9,2 9,9,2 10,9,2 11,9,31
[LOGICA]
0
[OBJETOS]
2,288,256
1,320,0,1
1,0,192,8
3,256,256
[LOGICA]
0
[OBJETOS]
30,192,192,30
[/ESTRUCTURA]
