[ESTRUCTURA]
[INFO]
2,2
[META]
[/META]
[REJILLA]
18,10,32,32,8,8,0
[CELDAS]
4,0,1 8,0,1 4,1,1 8,1,1 4,2,1 8,2,1 4,3,1 9,3,1 10,3,1 4,4,1 11,4,1 12,4,1 13,4,1 14,4,1 15,4,1 16,4,1 17,4,1 0,5,1 1,5,1 2,5,1 3,5,1 4,5,1 0,6,1 0,7,1 0,8,1 1,8,1 2,8,1 3,8,1 4,8,1 5,8,1 6,8,1 7,8,1 8,8,1 9,8,1 10,8,1 11,8,1 12,8,1 13,8,1 14,8,1 15,8,1 16,8,1 17,8,1
[REJILLA]
18,10,32,32,8,8,1
[CELDAS]
4,0,6 5,0,50 6,0,51 7,0,52 8,0,4 4,1,6 5,1,5 6,1,5 7,1,5 8,1,4 4,2,6 5,2,5 6,2,5 7,2,5 8,2,7 9,2,25 4,3,6 5,3,5 6,3,5 7,3,5 8,3,5 9,3,7 10,3,8 11,3,25 4,4,6 5,4,50 6,4,51 7,4,51 8,4,51 9,4,51 10,4,52 11,4,7 12,4,8 13,4,8 14,4,8 15,4,8 16,4,8 17,4,8 0,5,23 1,5,8 2,5,8 3,5,8 4,5,9 5,5,42 6,5,42 7,5,42 8,5,42 9,5,42 10,5,42 11,5,42 12,5,42 13,5,42 14,5,42 15,5,42 16,5,42 17,5,47 0,6,6 1,6,42 2,6,42 3,6,42 4,6,42 5,6,42 6,6,42 7,6,42 8,6,42 9,6,42 10,6,42 11,6,42 12,6,42 13,6,42 14,6,42 15,6,42 16,6,42 17,6,48 0,7,6 1,7,42 2,7,42 3,7,42 4,7,42 5,7,42 6,7,42 7,7,42 8,7,42 9,7,42 10,7,42 11,7,42 12,7,42 13,7,42 14,7,42 15,7,42 16,7,42 17,7,49 0,8,29 1,8,2 2,8,2 3,8,2 4,8,2 5,8,2 6,8,2 7,8,2 8,8,2 9,8,2 10,8,2 11,8,2 12,8,2 13,8,2 14,8,2 15,8,2 16,8,2 17,8,2
[LOGICA]
0
[OBJETOS]
2,128,224
1,192,0,1
1,544,192,2
3,64,224
[LOGICA]
0
[OBJETOS]
[/ESTRUCTURA]
