[ESTRUCTURA]
[INFO]
2,2
[META]
[/META]
[REJILLA]
9,10,32,32,8,8,0
[CELDAS]
2,0,1 6,0,1 2,1,1 6,1,1 1,2,1 7,2,1 0,3,1 8,3,1 0,4,1 8,4,1 0,5,1 8,5,1 0,6,1 8,6,1 1,7,1 7,7,1 2,8,1 6,8,1 2,9,1 6,9,1
[REJILLA]
9,10,32,32,8,8,1
[CELDAS]
2,0,6 3,0,50 4,0,51 5,0,52 6,0,4 1,1,23 2,1,9 3,1,5 4,1,5 5,1,5 6,1,7 7,1,25 0,2,23 1,2,9 2,2,5 3,2,5 4,2,5 5,2,5 6,2,5 7,2,7 8,2,25 0,3,6 1,3,5 2,3,5 3,3,5 4,3,5 5,3,5 6,3,5 7,3,5 8,3,4 0,4,6 1,4,5 2,4,5 3,4,5 4,4,5 5,4,5 6,4,5 7,4,5 8,4,4 0,5,6 1,5,5 2,5,5 3,5,5 4,5,5 5,5,5 6,5,5 7,5,5 8,5,4 0,6,6 1,6,5 2,6,5 3,6,5 4,6,5 5,6,5 6,6,5 7,6,5 8,6,4 0,7,29 1,7,3 2,7,5 3,7,5 4,7,5 5,7,5 6,7,5 7,7,1 8,7,31 1,8,29 2,8,3 3,8,5 4,8,5 5,8,5 6,8,1 7,8,31 2,9,6 3,9,50 4,9,51 5,9,52 6,9,4
[LOGICA]
0
[OBJETOS]
2,131,128
1,128,0,1
1,128,288,4
3,224,192
[LOGICA]
0
[OBJETOS]
[/ESTRUCTURA]
