[ESTRUCTURA]
[INFO]
2,3
[META]
[/META]
[REJILLA]
17,10,32,32,8,8,0
[CELDAS]
12,0,1 16,0,1 12,1,1 16,1,1 12,2,1 16,2,1 0,3,1 1,3,1 2,3,1 3,3,1 4,3,1 5,3,1 6,3,1 7,3,1 8,3,1 9,3,1 10,3,1 11,3,1 12,3,1 16,3,1 0,4,1 16,4,1 0,5,1 16,5,1 0,6,1 16,6,1 0,7,1 4,7,1 5,7,1 6,7,1 7,7,1 8,7,1 9,7,1 10,7,1 11,7,1 12,7,1 13,7,1 14,7,1 15,7,1 16,7,1 0,8,1 4,8,1 0,9,1 4,9,1
[REJILLA]
17,10,32,32,8,8,1
[CELDAS]
12,0,6 13,0,50 14,0,51 15,0,52 16,0,4 12,1,6 13,1,42 14,1,42 15,1,42 16,1,4 12,2,6 13,2,42 14,2,42 15,2,42 16,2,4 0,3,23 1,3,8 2,3,8 3,3,8 4,3,8 5,3,8 6,3,8 7,3,8 8,3,8 9,3,8 10,3,8 11,3,8 12,3,9 13,3,42 14,3,42 15,3,42 16,3,4 0,4,6 1,4,42 2,4,42 3,4,42 4,4,47 5,4,42 6,4,42 7,4,42 8,4,42 9,4,42 10,4,42 11,4,42 12,4,47 13,4,42 14,4,42 15,4,42 16,4,4 0,5,6 1,5,42 2,5,42 3,5,42 4,5,48 5,5,42 6,5,42 7,5,42 8,5,42 9,5,42 10,5,42 11,5,42 12,5,48 13,5,42 14,5,42 15,5,42 16,5,4 0,6,6 1,6,42 2,6,42 3,6,42 4,6,49 5,6,42 6,6,42 7,6,42 8,6,42 9,6,42 10,6,42 11,6,42 12,6,49 13,6,42 14,6,42 15,6,42 16,6,4 0,7,6 1,7,42 2,7,42 3,7,42 4,7,1 5,7,2 6,7,2 7,7,2 8,7,2 9,7,2 10,7,2 11,7,2 12,7,2 13,7,2 14,7,2 15,7,2 16,7,31 0,8,6 1,8,42 2,8,42 3,8,42 4,8,4 0,9,6 1,9,50 2,9,51 3,9,52 4,9,4
[LOGICA]
0
[OBJETOS]
1,448,0,1
1,64,288,4
2,288,192
3,320,192
[LOGICA]
0
[OBJETOS]
30,192,160,30
30,384,160,30
[LOGICA]
0
[OBJETOS]
[/ESTRUCTURA]
